0.937008	19.9222	19.8155	25.5668	1
0.929134	19.9829	19.8155	25.5744	1
0.92126	20.0314	19.8155	25.4527	1
0.913386	20.0803	19.8155	25.3035	1
0.905512	20.1409	19.8155	25.1456	1
0.92126	20.1773	19.8155	25.0174	1
0.937008	20.2142	19.8155	24.883	1
0.929134	20.2627	19.8155	24.731	1
0.92126	20.3233	19.8155	24.7449	1
0.937008	20.3597	19.8155	24.6286	1
0.929134	20.4203	19.8155	24.5981	1
0.92126	20.4688	19.8155	24.6598	1
0.913386	20.5173	19.8155	24.6662	1
0.905512	20.5659	19.8155	24.7437	1
0.92126	20.6022	19.8155	24.7396	1
0.913386	20.6629	19.8155	24.854	1
0.905512	20.7114	19.8155	24.928	1
0.897638	20.7841	19.8155	24.9797	1
0.889764	20.8327	19.8155	24.951	1
0.88189	20.8812	19.8155	24.9434	1
0.874016	20.93	19.8155	24.9587	1
0.866142	20.9785	19.8155	24.8973	1
0.88189	21.0149	19.8155	24.7489	1
0.874016	21.0756	19.8155	24.5583	1
0.866142	21.1241	19.8155	24.4233	1
0.858268	21.1726	19.8155	24.2933	1
0.850394	21.2215	19.8155	24.1859	1
0.84252	21.27	19.8155	24.0336	1
0.834646	21.3185	19.8155	23.9229	1
0.826772	21.367	19.8155	23.7818	1
0.818898	21.4276	19.8155	23.8019	1
0.834646	21.4519	19.8155	23.7637	1
0.826772	21.5004	19.8155	23.836	1
0.818898	21.5489	19.8155	23.9014	1
0.811024	21.5974	19.8155	23.9432	1
0.80315	21.6459	19.8155	24.0281	1
0.795276	21.7066	19.8155	24.1388	1
0.787402	21.7672	19.8155	24.211	1
0.80315	21.8036	19.8155	24.2579	1
0.795276	21.8642	19.8155	24.3275	1
0.811024	21.9006	19.8155	24.2585	1
0.80315	21.9491	19.8155	24.3207	1
0.795276	21.9976	19.8155	24.2024	1
0.811024	22.034	19.8155	24.0218	1
0.80315	22.0825	19.8155	23.8576	1
0.795276	22.131	19.8155	23.7003	1
0.811024	22.1674	19.8155	23.6176	1
0.826772	22.2039	19.8155	23.4835	1
0.818898	22.2525	19.8155	23.3722	1
0.811024	22.301	19.8155	23.2757	1
0.826772	22.3252	19.8155	23.2708	1
0.818898	22.386	19.8155	23.1466	1
0.834646	22.4224	19.8155	23.1031	1
0.826772	22.4709	19.8155	23.1211	1
0.84252	22.5073	19.8155	23.1833	1
0.834646	22.5679	19.8155	23.2179	1
0.826772	22.6164	19.8155	23.2551	1
0.818898	22.6771	19.8155	23.2697	1
0.811024	22.7256	19.8155	23.2728	1
0.80315	22.7862	19.8155	23.2364	1
0.795276	22.8347	19.8155	23.1612	1
0.787402	22.8832	19.8155	23.0798	1
0.779528	22.9317	19.8155	22.9459	1
0.771654	22.9924	19.8155	22.7825	1
0.787402	23.0166	19.8155	22.6095	1
0.779528	23.0773	19.8155	22.3724	1
0.795276	23.1137	19.8155	22.2495	1
0.787402	23.1743	19.8155	22.0964	1
0.80315	23.2107	19.8155	21.888	1
0.818898	23.2471	19.8155	21.7559	1
0.811024	23.2956	19.8155	21.6285	1
0.826772	23.3199	19.8155	21.4292	1
0.818898	23.3684	19.8155	21.2802	1
0.811024	23.4169	19.8155	21.14	1
0.80315	23.4776	19.8155	21.0106	1
0.795276	23.5261	19.8155	20.8594	1
0.787402	23.5988	19.8155	20.7139	1
0.779528	23.6474	19.8155	20.563	1
0.771654	23.708	19.8155	20.3777	1
0.76378	23.7929	19.8155	20.1962	1
0.755906	23.8414	19.8155	19.9853	1
0	23.902	19.8155	19.7372	2
-1	0	13.2103	19.7372	2
-1	0.0485124	13.2103	19.4784	2
-1	0.109153	13.2103	19.0994	2
-1	0.184192	13.2103	18.5158	2
-1	0.196183	13.2103	17.8642	2
-1	0.196183	13.2103	17.2476	2
-1	0.196183	13.2103	16.5973	2
-1	0.172204	13.2103	15.8548	2
-1	0.160242	13.2103	15.0126	2
-1	0.112659	13.2103	13.9504	2
-1	0.0441324	13.2103	12.8881	2
-1	0.219251	13.2103	12.8881	2
-1	0.37634	13.2103	11.8033	2
-1	0.606246	13.2103	10.6961	2
-1	0.776034	13.2103	9.51309	2
-1	0.945819	13.2103	8.13887	2
-1	1.17676	13.2103	6.71945	2
-1	1.43239	13.2103	5.30954	2
-1	1.67622	13.2103	3.95214	2
-1	1.94943	13.2103	2.39242	2
-1	2.29018	13.2103	1.17073	0